0.4764748890315208
0.04705824631445128
0.03874946692192049
0.03461237220637073
0.03075313903019761
0.027769286812578058
0.025486286882859217
0.02377626806627634
0.022127728263599024
0.020248917254277892
0.018929068194214544
0.01787190043374413
0.01687227552779892
0.01611782123155873
0.015279675160355848
0.01473371373568464
0.014195102220517293
0.01371635064631329
0.013174762731032479
0.012661515911599794
0.012308993488271486
0.011985414791527085
0.011484233283918547
0.011223920170412842
0.010923181915948366
0.010435893783285433
0.010276664594220847
0.009909385420437762
0.009686545841628105
0.00941644449070319
0.009212993669493165
0.009003768269752995
0.008892777912374446
0.008685372332041325
0.008457948965835675
0.008281284794582988
0.008114356230572795
0.00805910724445137
0.007871226251980015
0.007696888619741225
0.007582616893588531
0.007452092414484951
0.007328551064043345
0.007275691844680883
0.008227123808059981
0.007415404479411847
0.007086122964748049
0.006966315615141852
0.006885106574298066
0.00681606437569656
